step-10, 1
1,0: (-3.1043330918861167e-6,-4.611080781426154e-7,2.4699920855810075e-6)
step-20, 1
1,0: (-1.9668843733190868e-6,-8.695327902508676e-8,2.3231176934202312e-6)
step-30, 1
1,0: (4.184351494678996e-6,5.178297680989114e-7,1.2169337509859055e-6)
step-40, 1
1,0: (-2.975213179292495e-7,-2.391431458749257e-7,-4.283321557707145e-7)
step-50, 1
1,0: (-4.031263049604254e-6,-3.6967396411356163e-7,-1.90380634722871e-6)
step-60, 1
1,0: (2.4164478779244155e-6,4.66120898065771e-7,-2.5393792892492906e-6)
step-70, 1
1,0: (2.793293843103401e-6,8.750340992453634e-8,-2.0487436655980276e-6)
step-80, 1
1,0: (-3.8424409543883264e-6,-5.199871795792003e-7,-6.313532673399071e-7)
step-90, 1
1,0: (-8.670328703167631e-7,2.2013984398743302e-7,1.1087522481059664e-6)
step-100, 1
1,0: (4.268347665821584e-6,3.917260522956132e-7,2.3300726913267524e-6)
step-110, 1
1,0: (-1.2135530154155497e-6,-4.4574446714718836e-7,2.4383344704716465e-6)
step-120, 1
1,0: (-3.701436235832665e-6,-1.392035398203355e-7,1.3599263131339417e-6)
step-130, 1
1,0: (2.9620001954708035e-6,5.251524530441957e-7,-3.922795788575953e-7)
step-140, 1
1,0: (2.3359754121764356e-6,-1.512990775681523e-7,-1.9767943932556186e-6)
step-150, 1
1,0: (-4.01902407283359e-6,-4.426900166916832e-7,-2.5467841634824617e-6)
step-160, 1
1,0: (-5.377683481502263e-7,3.8957372476456335e-7,-1.79333492813982e-6)
step-170, 1
1,0: (4.264979806929537e-6,2.3727487260706856e-7,-8.827154486831272e-8)
step-180, 1
1,0: (-1.3124073504735792e-6,-5.142314628105569e-7,1.672949036055851e-6)
step-190, 1
1,0: (-3.711417970162076e-6,2.733791458307974e-8,2.5394685171756687e-6)
step-200, 1
1,0: (2.859187631794377e-6,5.009500509617449e-7,2.0022544576700155e-6)
step-210, 1
1,0: (2.5555830161135947e-6,-2.7778613792769485e-7,3.1892094243116325e-7)
step-220, 1
1,0: (-3.885507374221521e-6,-3.650910424735828e-7,-1.5416379613954576e-6)
step-230, 1
1,0: (-1.0254496013899646e-6,4.5439390882620925e-7,-2.523899545791243e-6)
step-240, 1
1,0: (4.280166268261058e-6,1.4911746719199209e-7,-2.0305476969277138e-6)
step-250, 1
1,0: (-5.952763331000513e-7,-5.25587411107349e-7,-3.1156035001862145e-7)
step-260, 1
1,0: (-4.067683294933636e-6,9.314775283931246e-8,1.6135311778990272e-6)
step-270, 1
1,0: (2.0712250620815915e-6,4.832984789346581e-7,2.5404782935984656e-6)
step-280, 1
1,0: (3.342060815550778e-6,-3.0842851476862213e-7,1.8925773601710656e-6)
step-290, 1
1,0: (-3.2345612864221022e-6,-3.4950865100597655e-7,4.89415061573788e-8)
step-300, 1
1,0: (-2.249803738657167e-6,4.5928409714255835e-7,-1.8554906030125083e-6)
step-310, 1
1,0: (3.973576108739146e-6,1.5557425185859285e-7,-2.547817171900197e-6)
step-320, 1
1,0: (9.664960225248377e-7,-5.244185421961823e-7,-1.558672274472758e-6)
step-330, 1
1,0: (-4.28632621321998e-6,5.7639138192897396e-8,4.765274729154331e-7)
step-340, 1
1,0: (3.5870065155129106e-7,5.017350621612137e-7,2.1983827500635354e-6)
step-350, 1
1,0: (4.178193088647684e-6,-2.5385673561945704e-7,2.4205225631110784e-6)
step-360, 1
1,0: (-1.583673509738932e-6,-4.0540236915713635e-7,9.540736029166869e-7)
step-370, 1
1,0: (-3.7380470043200805e-6,4.0702426368238277e-7,-1.2095307175124845e-6)
step-380, 1
1,0: (2.6187444083789034e-6,2.5547513997091835e-7,-2.4979752668916702e-6)
step-390, 1
1,0: (3.0389264486895975e-6,-4.992372366347762e-7,-1.986971283341732e-6)
step-400, 1
1,0: (-3.4170646773549046e-6,-7.988956665654241e-8,-1.9830433756174233e-8)
step-410, 1
1,0: (-2.1746640648442104e-6,5.273860938817709e-7,1.989325672749077e-6)
step-420, 1
1,0: (3.945725287897401e-6,-9.787701357026618e-8,2.4967040910804066e-6)
step-430, 1
1,0: (1.2387566341244274e-6,-4.960591759236602e-7,1.0947451623607905e-6)
step-440, 1
1,0: (-4.23699893744108e-6,2.579644621650683e-7,-1.155541390903666e-6)
step-450, 1
1,0: (-2.9240170071178907e-7,4.1494989570516783e-7,-2.509658301684066e-6)
step-460, 1
1,0: (4.300174163077857e-6,-3.850487182543417e-7,-1.8872267105218594e-6)
step-470, 1
1,0: (-6.001588009770709e-7,-3.009292820039765e-7,2.607852134698129e-7)
step-480, 1
1,0: (-4.183391443175643e-6,4.7294902949676924e-7,2.2105224925766568e-6)
step-490, 1
1,0: (1.4011154947580105e-6,1.6710832783760278e-7,2.3418625686669124e-6)
step-500, 1
1,0: (3.9362091111687334e-6,-5.199129909559012e-7,5.246838546494389e-7)
step-510, 1
1,0: (-2.0980028412754785e-6,-2.7956852738798716e-8,-1.7344907049067624e-6)
step-520, 1
1,0: (-3.583017075010353e-6,5.269044525502879e-7,-2.5339484139972133e-6)
step-530, 1
1,0: (2.672895421638933e-6,-1.0469763038908455e-7,-1.1552508548974875e-6)
step-540, 1
1,0: (3.1824528187381864e-6,-5.023445103955694e-7,1.2559683068142461e-6)
step-550, 1
1,0: (-3.131731705732675e-6,2.2357464326749506e-7,2.549784178596027e-6)
step-560, 1
1,0: (-2.757345455418773e-6,4.515749444683982e-7,1.5784348695370013e-6)
step-570, 1
1,0: (3.493700505308369e-6,-3.2405838650220374e-7,-8.128791940865111e-7)
step-580, 1
1,0: (2.3311747066582727e-6,-3.82314392085902e-7,-2.482389911427311e-6)
step-590, 1
1,0: (-3.7559949703970186e-6,4.025619633863989e-7,-1.8692095435446763e-6)
step-600, 1
1,0: (-1.93730804518587e-6,3.034332754419928e-7,5.059734995703444e-7)
step-610, 1
1,0: (3.946338958986655e-6,-4.6047679496280485e-7,2.3990128962755826e-6)
step-620, 1
1,0: (1.5805439242396341e-6,-2.1954256668759102e-7,2.013931078182642e-6)
step-630, 1
1,0: (-4.083712924818689e-6,4.997980710781464e-7,-3.0592498888330747e-7)
step-640, 1
1,0: (-1.2714603298252523e-6,1.3592806181666992e-7,-2.344054638398802e-6)
step-650, 1
1,0: (4.165907911938044e-6,-5.212226746903171e-7,-2.0840392163861545e-6)
step-660, 1
1,0: (1.025373789336596e-6,-5.723574235796866e-8,2.6141915484812284e-7)
step-670, 1
1,0: (-4.220178934653938e-6,5.296768028974048e-7,2.3450617385759237e-6)
step-680, 1
1,0: (-8.395836692824109e-7,-1.46732127687177e-8,2.052415648641727e-6)
step-690, 1
1,0: (4.257937313446297e-6,-5.288123132900669e-7,-3.414801428200397e-7)
step-700, 1
1,0: (7.145488661944088e-7,7.874232789408769e-8,-2.392332157491487e-6)
step-710, 1
1,0: (-4.270353035646778e-6,5.197805277615209e-7,-1.9502262476891807e-6)
step-720, 1
1,0: (-6.591018382304043e-7,-1.3358807553780237e-7,5.669327952261858e-7)
step-730, 1
1,0: (4.273664544771346e-6,-5.066894273412702e-7,2.481509494343698e-6)
step-740, 1
1,0: (6.700161005272133e-7,1.7884793714947106e-7,1.7224142132520694e-6)
step-750, 1
1,0: (-4.274461304508448e-6,4.929029787198643e-7,-9.124671650387305e-7)
step-760, 1
1,0: (-7.425932172264309e-7,-2.156502281541093e-7,-2.549808642111359e-6)
step-770, 1
1,0: (4.255776973918675e-6,-4.787296501208822e-7,-1.3685747607408026e-6)
step-780, 1
1,0: (8.827695177038455e-7,2.4438772345747813e-7,1.3636352732676121e-6)
step-790, 1
1,0: (-4.21693981071893e-6,4.6580834777161626e-7,2.5546108591069715e-6)
step-800, 1
1,0: (-1.0895742450204033e-6,-2.646666122634798e-7,8.253179003077276e-7)
step-810, 1
1,0: (4.1616095670528495e-6,-4.5671173514339867e-7,-1.8571936574362996e-6)
step-820, 1
1,0: (1.353409476757298e-6,2.7734433644182035e-7,-2.3821740359944207e-6)
step-830, 1
1,0: (-4.070109504327877e-6,4.516723777413203e-7,-1.1725126317481071e-7)
step-840, 1
1,0: (-1.672539048509214e-6,-2.835907974415672e-7,2.302552106974959e-6)
step-850, 1
1,0: (3.922666450130092e-6,-4.499883405451649e-7,1.972839256077238e-6)
step-860, 1
1,0: (2.0451293352384973e-6,2.829171127084047e-7,-7.537176553658762e-7)
step-870, 1
1,0: (-3.71527172731109e-6,4.5254309367660976e-7,-2.55702682112988e-6)
step-880, 1
1,0: (-2.4536892560553306e-6,-2.7468661252418446e-7,-1.220817502637001e-6)
step-890, 1
1,0: (3.4348635184779556e-6,-4.5999981255629545e-7,1.626627207556369e-6)
step-900, 1
1,0: (2.877889258829966e-6,2.5934405365741915e-7,2.449645201275309e-6)
step-910, 1
1,0: (-3.0568205652451797e-6,4.7110811267266494e-7,1.871444115119208e-7)
step-920, 1
1,0: (-3.302634805718894e-6,-2.370046494052512e-7,-2.332416591305931e-6)
step-930, 1
1,0: (2.567093650929705e-6,-4.841388787602611e-7,-1.8554876809782486e-6)
step-940, 1
1,0: (3.7031859398494604e-6,2.0655291716554295e-7,1.0366047179404677e-6)
step-950, 1
1,0: (-1.965131375453297e-6,4.984524404333761e-7,2.5664197603764657e-6)
step-960, 1
1,0: (-4.037689177077048e-6,-1.6707898533763322e-7,7.233404490769415e-7)
step-970, 1
1,0: (1.2498610015168578e-6,-5.131956959444511e-7,-2.082321509545984e-6)
step-980, 1
1,0: (4.263373281740503e-6,1.1863872809070648e-7,-2.110629781263126e-6)
step-990, 1
1,0: (-4.250802086159373e-7,5.25913292330231e-7,7.180523467044509e-7)
step-1000, 1
1,0: (-4.344974701239625e-6,-6.147616867422478e-8,2.5761496494633734e-6)
