10
9.999075846464873
9.99815177833572
9.997227795604651
9.996303898263774
9.995380086305193
9.994456359721024
9.993532718503372
9.99260916264435
9.99168569213607
9.990762306970641
9.989839007140182
9.988915792636801
9.987992663452616
9.987069619579739
9.986146661010288
9.98522378773638
9.984300999750134
9.983378297043664
9.98245567960909
9.981533147438535
9.980610700524116
9.979688338857953
9.97876606243217
9.977843871238889
9.976921765270234
9.975999744518326
9.975077808975293
9.97415595863326
9.973234193484352
9.972312513520695
9.971390918734418
9.97046940911765
9.969547984662517
9.968626645361153
9.967705391205685
9.966784222188245
9.965863138300966
9.96494213953598
9.964021225885421
9.963100397341423
9.962179653896118
9.961258995541646
9.96033842227014
9.95941793407374
9.95849753094458
9.957577212874803
9.956656979856543
9.955736831881946
9.954816768943148
9.95389679103229
9.952976898141518
9.952057090262972
9.951137367388796
9.950217729511134
9.949298176622133
9.948378708713935
9.947459325778691
9.946540027808545
9.945620814795648
9.944701686732143
9.943782643610184
9.942863685421923
9.941944812159505
9.941026023815084
9.940107320380815
9.939188701848847
9.938270168211336
9.937351719460434
9.9364333555883
9.935515076587087
9.934596882448952
9.933678773166054
9.93276074873055
9.931842809134599
9.93092495437036
9.930007184429993
9.92908949930566
9.92817189898952
9.927254383473741
9.92633695275048
9.925419606811905
9.924502345650179
9.923585169257468
9.922668077625936
9.921751070747753
9.920834148615084
9.919917311220098
9.919000558554965
9.918083890611852
9.917167307382933
9.916250808860376
9.915334395036353
9.914418065903037
9.913501821452606
9.912585661677225
9.911669586569076
9.910753596120331
9.909837690323167
9.908921869169763
9.908006132652293
9.907090480762937
9.906174913493874
9.905259430837285
9.904344032785348
9.903428719330247
9.90251349046416
9.901598346179275
9.900683286467771
9.899768311321836
9.89885342073365
9.897938614695402
9.897023893199277
9.896109256237462
9.895194703802145
9.894280235885516
9.893365852479763
9.892451553577075
9.891537339169643
9.890623209249659
9.889709163809314
9.888795202840804
9.887881326336318
9.88696753428805
9.886053826688201
9.885140203528962
9.88422666480253
9.8833132105011
9.882399840616875
9.88148655514205
9.880573354068824
9.8796602373894
9.878747205095976
9.877834257180753
9.876921393635936
9.876008614453726
9.875095919626325
9.874183309145941
9.873270783004775
9.872358341195037
9.87144598370893
9.870533710538664
9.869621521676445
9.868709417114482
9.867797396844985
9.866885460860162
9.865973609152228
9.865061841713391
9.864150158535862
9.863238559611858
9.862327044933592
9.861415614493275
9.860504268283126
9.85959300629536
9.85868182852219
9.857770734955837
9.856859725588517
9.855948800412452
9.855037959419858
9.854127202602957
9.853216529953968
9.852305941465115
9.851395437128618
9.850485016936702
9.84957468088159
9.848664428955505
9.847754261150675
9.846844177459324
9.84593417787368
9.845024262385968
9.844114430988418
9.843204683673259
9.842295020432717
9.841385441259028
9.840475946144418
9.839566535081122
9.83865720806137
9.837747965077396
9.836838806121433
9.835929731185718
9.835020740262483
9.834111833343966
9.833203010422405
9.832294271490033
9.831385616539093
9.830477045561818
9.829568558550454
9.828660155497237
9.82775183639441
9.826843601234215
9.825935450008892
9.825027382710687
9.82411939933184
9.823211499864598
9.82230368430121
9.821395952633914
9.820488304854964
9.819580740956601
9.818673260931078
9.817765864770644
9.816858552467545
9.815951324014033
9.815044179402362
9.814137118624778
9.813230141673538
9.812323248540892
9.811416439219098
9.810509713700405
9.809603071977074
9.808696514041358
9.807790039885514
9.806883649501797
9.805977342882471
9.80507112001979
9.804164980906016
9.803258925533408
9.802352953894228
9.801447065980737
9.800541261785197
9.799635541299873
9.798729904517028
9.797824351428925
9.796918882027832
9.796013496306013
9.795108194255736
9.794202975869268
9.793297841138878
9.792392790056834
9.791487822615405
9.79058293880686
9.789678138623476
9.788773422057519
9.787868789101262
9.78696423974698
9.786059773986949
9.785155391813438
9.784251093218726
9.78334687819509
9.782442746734803
9.781538698830145
9.780634734473393
9.779730853656828
9.778827056372727
9.777923342613374
9.777019712371045
9.776116165638024
9.775212702406595
9.77430932266904
9.773406026417643
9.772502813644687
9.771599684342458
9.770696638503246
9.769793676119333
9.768890797183008
9.767988001686557
9.767085289622274
9.766182660982444
9.76528011575936
9.76437765394531
9.763475275532588
9.762572980513486
9.761670768880299
9.760768640625317
9.759866595740839
9.758964634219154
9.758062756052565
9.757160961233364
9.756259249753851
9.755357621606324
9.754456076783079
9.753554615276418
9.752653237078642
9.75175194218205
9.750850730578943
9.749949602261626
9.749048557222403
9.748147595453574
9.747246716947446
9.746345921696323
9.745445209692512
9.744544580928318
9.74364403539605
9.742743573088017
9.741843193996525
9.740942898113886
9.74004268543241
9.739142555944406
9.738242509642188
9.737342546518066
9.736442666564354
9.735542869773367
9.734643156137418
9.733743525648823
9.732843978299897
9.731944514082958
9.731045132990324
9.730145835014309
9.729246620147237
9.728347488381422
9.727448439709187
9.726549474122855
9.725650591614745
9.724751792177178
9.72385307580248
9.722954442482974
9.722055892210985
9.721157424978834
9.720259040778851
9.719360739603362
9.718462521444694
9.717564386295175
9.716666334147131
9.715768364992897
9.714870478824798
9.713972675635166
9.713074955416333
9.712177318160633
9.711279763860396
9.710382292507958
9.709484904095651
9.708587598615813
9.707690376060777
9.70679323642288
9.705896179694461
9.704999205867857
9.704102314935405
9.703205506889446
9.702308781722321
9.701412139426367
9.70051557999393
9.699619103417348
9.698722709688967
9.697826398801128
9.696930170746178
9.696034025516461
9.69513796310432
9.694241983502105
9.693346086702162
9.692450272696837
9.691554541478482
9.690658893039442
9.68976332737207
9.688867844468716
9.68797244432173
9.687077126923466
9.686181892266276
9.685286740342514
9.684391671144533
9.683496684664687
9.682601780895334
9.68170695982883
9.680812221457531
9.679917565773794
9.67902299276998
9.678128502438444
9.67723409477155
9.676339769761654
9.675445527401122
9.674551367682314
9.673657290597593
9.67276329613932
9.671869384299862
9.670975555071584
9.670081808446847
9.669188144418023
9.668294562977476
9.667401064117572
9.666507647830683
9.665614314109174
9.664721062945418
9.663827894331783
9.66293480826064
9.662041804724366
9.661148883715327
9.6602560452259
9.659363289248455
9.658470615775371
9.657578024799022
9.656685516311782
9.655793090306032
9.654900746774144
9.6540084857085
9.65311630710148
9.652224210945459
9.651332197232819
9.650440265955943
9.64954841710721
9.648656650679005
9.64776496666371
9.646873365053708
9.645981845841384
9.645090409019122
9.64419905457931
9.643307782514333
9.642416592816579
9.641525485478438
9.640634460492294
9.63974351785054
9.638852657545566
9.637961879569762
9.637071183915518
9.63618057057523
9.635290039541287
9.634399590806083
9.633509224362017
9.63261894020148
9.631728738316866
9.630838618700576
9.629948581345005
9.62905862624255
9.62816875338561
9.627278962766585
9.626389254377877
9.62549962821188
9.624610084261002
9.623720622517643
9.622831242974204
9.621941945623092
9.621052730456709
9.620163597467458
9.619274546647747
9.618385577989983
9.61749669148657
9.616607887129918
9.615719164912436
9.61483052482653
9.613941966864614
9.613053491019095
9.612165097282386
9.611276785646897
9.610388556105043
9.609500408649236
9.608612343271888
9.607724359965419
9.606836458722238
9.605948639534766
9.605060902395419
9.604173247296613
9.603285674230765
9.602398183190298
9.601510774167627
9.600623447155176
9.599736202145364
9.598849039130613
9.597961958103348
9.597074959055988
9.596188041980957
9.595301206870682
9.594414453717588
9.5935277825141
9.592641193252643
9.591754685925649
9.590868260525541
9.58998191704475
9.589095655475706
9.588209475810837
9.587323378042575
9.586437362163352
9.5855514281656
9.58466557604175
9.58377980578424
9.5828941173855
9.582008510837966
9.581122986134075
9.580237543266263
9.579352182226964
9.578466903008621
9.57758170560367
9.576696590004548
9.575811556203698
9.57492660419356
9.574041733966576
9.573156945515183
9.572272238831832
9.571387613908959
9.570503070739013
9.569618609314436
9.568734229627673
9.567849931671171
9.56696571543738
9.566081580918743
9.56519752810771
9.56431355699673
9.563429667578253
9.56254585984473
9.56166213378861
9.560778489402347
9.559894926678393
9.559011445609197
9.55812804618722
9.55724472840491
9.556361492254727
9.555478337729125
9.55459526482056
9.55371227352149
9.552829363824372
9.551946535721669
9.551063789205834
9.550181124269333
9.549298540904621
9.548416039104165
9.547533618860424
9.546651280165863
9.545769023012943
9.54488684739413
9.54400475330189
9.543122740728686
9.542240809666986
9.541358960109255
9.540477192047964
9.539595505475582
9.538713900384575
9.537832376767414
9.536950934616568
9.536069573924511
9.535188294683715
9.534307096886652
9.533425980525793
9.532544945593616
9.531663992082592
9.530783119985198
9.529902329293913
9.529021620001208
9.528140992099566
9.52726044558146
9.526379980439373
9.525499596665785
9.524619294253172
9.52373907319402
9.522858933480808
9.521978875106017
9.521098898062133
9.520219002341639
9.51933918793702
9.518459454840757
9.517579803045342
9.516700232543258
9.515820743326993
9.514941335389032
9.51406200872187
9.513182763317992
9.512303599169888
9.51142451627005
9.51054551461097
9.509666594185136
9.508787754985047
9.507908997003193
9.507030320232067
9.506151724664166
9.505273210291985
9.50439477710802
9.50351642510477
9.50263815427473
9.501759964610399
9.500881856104275
9.50000382874886
9.499125882536653
9.498248017460156
9.497370233511871
9.4964925306843
9.495614908969944
9.494737368361312
9.493859908850904
9.492982530431227
9.492105233094787
9.49122801683409
9.490350881641644
9.489473827509956
9.488596854431536
9.487719962398893
9.486843151404539
9.485966421440983
9.485089772500734
9.484213204576308
9.483336717660217
9.482460311744973
9.481583986823093
9.48070774288709
9.47983157992948
9.47895549794278
9.478079496919506
9.477203576852176
9.476327737733307
9.475451979555423
9.47457630231104
9.473700705992677
9.472825190592859
9.471949756104106
9.47107440251894
9.470199129829885
9.469323938029465
9.468448827110207
9.467573797064631
9.466698847885267
9.46582397956464
9.464949192095279
9.464074485469713
9.463199859680465
9.462325314720072
9.461450850581059
9.460576467255958
9.459702164737303
9.458827943017624
9.457953802089452
9.457079741945325
9.456205762577776
9.455331863979337
9.454458046142548
9.453584309059941
9.452710652724058
9.451837077127431
9.450963582262604
9.450090168122113
9.449216834698499
9.4483435819843
9.447470409972063
9.446597318654323
9.445724308023626
9.444851378072517
9.443978528793536
9.44310576017923
9.442233072222145
9.441360464914826
9.44048793824982
9.439615492219673
9.438743126816934
9.437870842034155
9.43699863786388
9.436126514298662
9.435254471331051
9.4343825089536
9.43351062715886
9.432638825939385
9.431767105287728
9.430895465196445
9.430023905658086
9.42915242666521
9.428281028210375
9.427409710286135
9.42653847288505
9.425667315999675
9.424796239622573
9.423925243746304
9.423054328363424
9.422183493466498
9.421312739048087
9.420442065100755
9.419571471617061
9.418700958589573
9.417830526010855
9.41696017387347
9.416089902169984
9.415219710892968
9.414349600034985
9.413479569588606
9.412609619546398
9.41173974990093
9.410869960644773
9.410000251770496
9.409130623270674
9.408261075137876
9.407391607364676
9.40652221994365
9.405652912867367
9.404783686128406
9.403914539719342
9.40304547363275
9.402176487861208
9.401307582397292
9.400438757233584
9.399570012362657
9.398701347777097
9.397832763469482
9.396964259432393
9.39609583565841
9.395227492140117
9.394359228870098
9.393491045840937
9.392622943045216
9.391754920475522
9.390886978124442
9.390019115984561
9.389151334048464
9.388283632308744
9.387416010757986
9.38654846938878
9.385681008193718
9.384813627165387
9.38394632629638
9.383079105579291
9.38221196500671
9.381344904571232
9.380477924265453
9.379611024081964
9.37874420401336
9.37787746405224
9.377010804191201
9.376144224422838
9.375277724739751
9.374411305134538
9.3735449655998
9.372678706128138
9.371812526712148
9.370946427344437
9.370080408017605
9.369214468724255
9.36834860945699
9.367482830208418
9.36661713097114
9.365751511737761
9.364885972500891
9.364020513253136
9.363155133987103
9.362289834695401
9.361424615370638
9.360559476005426
9.359694416592374
9.358829437124093
9.357964537593196
9.357099717992293
9.356234978314001
9.355370318550932
9.3545057386957
9.353641238740922
9.352776818679212
9.351912478503188
9.351048218205467
9.350184037778666
9.349319937215405
9.348455916508303
9.34759197564998
9.34672811463306
9.345864333450157
9.345000632093898
9.344137010556906
9.343273468831804
9.342410006911216
9.341546624787766
9.34068332245408
9.339820099902784
9.338956957126506
9.338093894117872
9.337230910869513
9.336368007374054
9.335505183624127
9.334642439612363
9.333779775331392
9.332917190773843
9.332054685932352
9.33119226079955
9.330329915368074
9.329467649630555
9.328605463579628
9.32774335720793
9.326881330508098
9.326019383472767
9.325157516094576
9.324295728366165
9.323434020280171
9.322572391829233
9.321710843005993
9.320849373803094
9.319987984213174
9.319126674228878
9.318265443842849
9.31740429304773
9.316543221836168
9.315682230200805
9.314821318134287
9.313960485629265
9.313099732678381
9.312239059274285
9.311378465409629
9.310517951077056
9.309657516269219
9.308797160978772
9.30793688519836
9.30707668892064
9.306216572138265
9.305356534843883
9.304496577030154
9.30363669868973
9.302776899815266
9.301917180399418
9.301057540434845
9.300197979914204
9.299338498830151
9.298479097175345
9.297619774942449
9.296760532124122
9.295901368713022
9.295042284701813
9.294183280083155
9.293324354849714
9.292465508994152
9.291606742509133
9.290748055387322
9.289889447621386
9.289030919203988
9.288172470127801
9.287314100385485
9.286455809969715
9.285597598873155
9.284739467088478
9.283881414608354
9.283023441425453
9.282165547532445
9.281307732922006
9.280449997586807
9.279592341519523
9.278734764712826
9.277877267159395
9.277019848851902
9.276162509783026
9.275305249945443
9.27444806933183
9.273590967934865
9.272733945747232
9.271877002761606
9.27102013897067
9.270163354367103
9.269306648943587
9.268450022692807
9.267593475607445
9.266737007680184
9.26588061890371
9.265024309270705
9.26416807877386
9.263311927405859
9.262455855159388
9.261599862027138
9.260743948001794
9.259888113076048
9.25903235724259
9.25817668049411
9.257321082823298
9.256465564222848
9.255610124685452
9.254754764203803
9.253899482770594
9.253044280378523
9.252189157020283
9.251334112688568
9.25047914737608
9.249624261075514
9.248769453779564
9.247914725480936
9.247060076172325
9.246205505846433
9.245351014495958
9.244496602113603
9.24364226869207
9.242788014224065
9.241933838702286
9.24107974211944
9.240225724468234
9.239371785741369
9.238517925931554
9.237664145031495
9.2368104430339
9.235956819931477
9.235103275716934
9.234249810382982
9.23339642392233
9.23254311632769
9.231689887591772
9.230836737707289
9.229983666666957
9.229130674463484
9.228277761089588
9.227424926537983
9.226572170801385
9.225719493872509
9.224866895744073
9.224014376408794
9.223161935859391
9.222309574088584
9.22145729108909
9.220605086853631
9.219752961374928
9.218900914645703
9.218048946658676
9.217197057406572
9.216345246882117
9.21549351507803
9.21464186198704
9.21379028760187
9.21293879191525
9.212087374919903
9.21123603660856
9.210384776973946
9.209533596008795
9.208682493705831
9.207831470057787
9.206980525057396
9.206129658697389
9.205278870970496
9.204428161869451
9.203577531386989
9.202726979515845
9.20187650624875
9.201026111578445
9.200175795497664
9.199325557999142
9.19847539907562
9.197625318719837
9.19677531692453
9.195925393682439
9.195075548986305
9.19422578282887
9.193376095202872
9.192526486101059
9.191676955516169
9.19082750344095
9.189978129868145
9.189128834790498
9.188279618200758
9.187430480091667
9.186581420455976
9.185732439286431
9.18488353657578
9.184034712316775
9.183185966502162
9.182337299124693
9.18148871017712
9.180640199652197
9.179791767542673
9.178943413841301
9.178095138540838
9.177246941634037
9.17639882311365
9.17555078297244
9.174702821203155
9.17385493779856
9.173007132751408
9.17215940605446
9.171311757700474
9.17046418768221
9.16961669599243
9.168769282623893
9.167921947569363
9.1670746908216
9.166227512373371
9.165380412217436
9.164533390346563
9.163686446753513
9.162839581431058
9.161992794371958
9.161146085568983
9.160299455014904
9.159452902702487
9.1586064286245
9.157760032773714
9.1569137151429
9.156067475724829
9.155221314512275
9.154375231498005
9.153529226674799
9.152683300035426
9.151837451572662
9.150991681279283
9.150145989148067
9.149300375171785
9.14845483934322
9.147609381655146
9.146764002100344
9.145918700671592
9.14507347736167
9.14422833216336
9.143383265069442
9.142538276072697
9.14169336516591
9.140848532341863
9.14000377759334
9.139159100913126
9.138314502294005
9.137469981728765
9.136625539210192
9.135781174731072
9.134936888284193
9.134092679862345
9.133248549458319
9.1324044970649
9.131560522674881
9.130716626281055
9.129872807876215
9.129029067453146
9.12818540500465
9.127341820523517
9.12649831400254
9.12565488543452
9.124811534812245
9.12396826212852
9.123125067376135
9.122281950547892
9.12143891163659
9.120595950635025
9.119753067536
9.118910262332315
9.11806753501677
