step-10, 1
1,0: (-0.031050930171980788,-0.0036924374440983304,0.01931228885764701)
step-20, 1
1,0: (0.008549048678096832,0.0021126533186644836,0.023584950202881)
step-30, 1
1,0: (0.026362269044581946,0.002350991614292737,0.01816227370150156)
step-40, 1
1,0: (-0.022841009020726864,-0.0035993728629899074,0.004980692844272661)
step-50, 1
1,0: (-0.014156766141718404,-0.00010936093149322822,-0.010491329343175057)
step-60, 1
1,0: (0.030324595927488627,0.003666235881668352,-0.021455094791930397)
step-70, 1
1,0: (-0.0014918869866810715,-0.002113559756682891,-0.02284992110322965)
step-80, 1
1,0: (-0.02959757652805719,-0.0024056113897321617,-0.013944515065337405)
step-90, 1
1,0: (0.016365773895788527,0.0035439858156307335,0.001522196613167666)
step-100, 1
1,0: (0.021453529348761435,0.00033226307955626973,0.016407956621331557)
step-110, 1
1,0: (-0.026830242017718362,-0.003733911565597682,0.023510226730852644)
step-120, 1
1,0: (-0.008632564470800401,0.0017880686333896266,0.019183254676952907)
step-130, 1
1,0: (0.030979338982359883,0.002737146984187292,0.005376587205210972)
step-140, 1
1,0: (-0.0057289989544967584,-0.0033095919732904055,-0.01126117038873519)
step-150, 1
1,0: (-0.028325800944993904,-0.0009274762802614382,-0.022268903470923383)
step-160, 1
1,0: (0.018385544538902454,0.003807833177166222,-0.021717529191921214)
step-170, 1
1,0: (0.02024088563512347,-0.0010900803428549807,-0.009697941787154853)
step-180, 1
1,0: (-0.027228341462804322,-0.00324264068913085,0.007596394536120408)
step-190, 1
1,0: (-0.008637471844815042,0.0027637219685106716,0.020849985458076842)
step-200, 1
1,0: (0.030836271617182446,0.0018405355150211153,0.02268488906460398)
step-210, 1
1,0: (-0.00392247686630046,-0.003686205613587371,0.011701622915904266)
step-220, 1
1,0: (-0.029293003868689004,-2.5397755254079682e-5,-0.006024725211571227)
step-230, 1
1,0: (0.015476468577043406,0.003698322840339787,-0.020320833110769713)
step-240, 1
1,0: (0.023271298971899737,-0.0017355466237060522,-0.022776019003088274)
step-250, 1
1,0: (-0.024297912790422007,-0.002889732148040931,-0.011640133461473941)
step-260, 1
1,0: (-0.01426045443922315,0.003074950198669141,0.00666652459881132)
step-270, 1
1,0: (0.029510160345865365,0.0014908978874791827,0.02095208129498066)
step-280, 1
1,0: (0.0038115874760325,-0.003737291203244864,0.022191026307978534)
step-290, 1
1,0: (-0.030876435419021173,0.00014287550585279345,0.0094614703426933)
step-300, 1
1,0: (0.0066782122801698485,0.0036810133284699317,-0.009456008588044556)
step-310, 1
1,0: (0.028614226944920607,-0.001702241979027567,-0.022334730472365234)
step-320, 1
1,0: (-0.01590703944328937,-0.0029749190891723196,-0.020484795803959406)
step-330, 1
1,0: (-0.023599458824478094,0.002916245933387148,-0.004928338779788231)
step-340, 1
1,0: (0.023248740713851117,0.001808074110205059,0.014041298186934998)
step-350, 1
1,0: (0.016558420413402424,-0.0036231516667686184,0.023444454335730905)
step-360, 1
1,0: (-0.02810659915546625,-0.00042046023955570003,0.01659039017977427)
step-370, 1
1,0: (-0.008562969244072426,0.0037877519740300266,-0.002078328825660676)
step-380, 1
1,0: (0.030510572974539026,-0.0009813302478453357,-0.019336133752578484)
step-390, 1
1,0: (0.00036193974873780996,-0.003430780093500919,-0.02259384985146192)
step-400, 1
1,0: (-0.03063145514526293,0.0021916983534346008,-0.009342399427253473)
step-410, 1
1,0: (0.007438212040216739,0.0026750851049490297,0.010962024300446942)
step-420, 1
1,0: (0.028746599889696307,-0.0030956567523757273,0.023117141124345774)
step-430, 1
1,0: (-0.014250191569968266,-0.0016563368080902345,0.017635195759360386)
step-440, 1
1,0: (-0.02547472572783533,0.0036348857193494576,-0.0014976182906183966)
step-450, 1
1,0: (0.01997258249116285,0.0005078906760116854,-0.019513835616980158)
step-460, 1
1,0: (0.021137513365296696,-0.0037872026997999688,-0.022163498645644424)
step-470, 1
1,0: (-0.024372916278416614,0.0006216617968870983,-0.007062179469810418)
step-480, 1
1,0: (-0.016245272265842874,0.0036088993228039685,0.013879197673761222)
step-490, 1
1,0: (0.027484560355265725,-0.00164602359799916,0.023485971605965116)
step-500, 1
1,0: (0.01121922834261288,-0.0031573990653923118,0.01357438553188764)
step-510, 1
1,0: (-0.029521719091870097,0.0024974882841401953,-0.00777472065357932)
step-520, 1
1,0: (-0.006205162695795657,0.002502244913608641,-0.0225723573148802)
step-530, 1
1,0: (0.03049986374010734,-0.003125890069207662,-0.01805248597676317)
step-540, 1
1,0: (0.0015537541323380859,-0.00173974721038945,0.002277280395397756)
step-550, 1
1,0: (-0.03071866531892372,0.003540486224631575,0.020676410662442385)
step-560, 1
1,0: (0.0026422610407467774,0.000928203731573143,0.020653957434261558)
step-570, 1
1,0: (0.03040429136882527,-0.0037498879904333173,0.002067476467521555)
step-580, 1
1,0: (-0.006392567406322068,-0.00012066344634035142,-0.018473544669784892)
step-590, 1
1,0: (-0.02962365553737898,0.0037702706951366427,-0.022105795697090102)
step-600, 1
1,0: (0.009522575943457007,-0.0006246192421148892,-0.005103625954515651)
step-610, 1
1,0: (0.028672578511298216,-0.0036523197719394718,0.01678096237611335)
step-620, 1
1,0: (-0.012119878928244489,0.0012923366540631594,0.022701019964478927)
step-630, 1
1,0: (-0.027678715001989714,0.0034290299675928345,0.006833543677683344)
step-640, 1
1,0: (0.014256761685005087,-0.0018722733150300583,-0.01573917456883276)
step-650, 1
1,0: (0.02665556778176026,-0.0031247777620358004,-0.02293484494491165)
step-660, 1
1,0: (-0.015835713334816343,0.0023451660301980377,-0.007341947401639678)
step-670, 1
1,0: (-0.025812841802478496,0.002785209343686702,0.015699594864156313)
step-680, 1
1,0: (0.01697369978701395,-0.002723198395235133,0.022837499637403568)
step-690, 1
1,0: (0.025205640457809486,-0.002437849023032253,0.006613332164516757)
step-700, 1
1,0: (-0.017754877766011035,0.0030234108971659694,-0.01650079759952141)
step-710, 1
1,0: (-0.024774138776016783,0.0020907712075779895,-0.022442354048870777)
step-720, 1
1,0: (0.018081535717478815,-0.0032441882532229134,-0.004682014080037461)
step-730, 1
1,0: (0.02463889475218937,-0.0017685891834374437,0.018156868612593573)
step-740, 1
1,0: (-0.018011922860706592,0.0033991254834668475,0.021454279783265175)
step-750, 1
1,0: (-0.0248329996538952,0.0014909754053007152,0.0014170360546128039)
step-760, 1
1,0: (0.0176264067977709,-0.00351276191075592,-0.020209742637959403)
step-770, 1
1,0: (0.02523765029416289,-0.0012543209565125716,-0.019492550598374386)
step-780, 1
1,0: (-0.01681634762981261,0.0035901254800579925,0.00307584517768561)
step-790, 1
1,0: (-0.02586637354102738,0.0010620348395503332,0.022247311759050287)
step-800, 1
1,0: (0.015539619801150178,-0.003632416010366274,0.016036474984757743)
step-810, 1
1,0: (0.02674819013991131,-0.0009290958681052604,-0.008686048482866011)
step-820, 1
1,0: (-0.013867511811642003,0.0036558420416312833,-0.02331977546563886)
step-830, 1
1,0: (-0.02773305615937217,0.0008552313927471297,-0.010644774869778424)
step-840, 1
1,0: (0.011734683214885598,-0.003670512707864149,0.014684770621061296)
step-850, 1
1,0: (0.02869036752939537,-0.0008306006532721451,0.02253683191008219)
step-860, 1
1,0: (-0.00902756274311268,0.0036689867707512067,0.0031761406816162435)
step-870, 1
1,0: (-0.029591361422717406,0.0008599834015223656,-0.020111360492447255)
step-880, 1
1,0: (0.005788589650685651,-0.0036484336962412647,-0.01868948693921753)
step-890, 1
1,0: (0.030292330682572956,-0.0009514810391655702,0.0058790833929197595)
step-900, 1
1,0: (-0.002079149171393676,0.0036149641307953646,0.02312022869176597)
step-910, 1
1,0: (-0.03054175221547073,0.001099230123205207,0.011284562038405298)
step-920, 1
1,0: (-0.0021320843492759027,-0.0035654598240528737,-0.014970801659242423)
step-930, 1
1,0: (0.030166525906186067,-0.0012928679495482847,-0.02207911211382593)
step-940, 1
1,0: (0.006805696813329997,0.0034838083898607874,-0.0005702003295675641)
step-950, 1
1,0: (-0.029045609546146614,0.0015329671573288432,0.021711617113164213)
step-960, 1
1,0: (-0.011732074296444173,-0.0033582436654659956,0.015414991042086478)
step-970, 1
1,0: (0.026971555576114824,-0.0018208517677040824,-0.011335323985634626)
step-980, 1
1,0: (0.016663066268513473,0.0031845542142083737,-0.022954081280381868)
step-990, 1
1,0: (-0.023722011037236906,0.002145261434393364,-0.0036289910723262715)
step-1000, 1
1,0: (-0.021371885566510387,-0.0029538674033562124,0.020703622517548887)
